17819 
30558 
19321 
32767 
1880 
25509 
19727 
32767 
3641 
25013 
7443 
25033 
3244 
27635 
4156 
15252 
10714 
30781 
8447 
14426 
19245 
28723 
15743 
26209 
21975 
14575 
20992 
32767 
11989 
15352 
21193 
32683 
13709 
18590 
21422 
19625 
24365 
27195 
22635 
5518 
22854 
26239 
22955 
4489 
19483 
14730 
20109 
14709 
16156 
4265 
15318 
25727 
12922 
7079 
13293 
26028 
11143 
24253 
7932 
21673 
9808 
32767 
1402 
23184 
23411 
32767 
6271 
31004 
24616 
32767 
24658 
32767 
8419 
30418 
32767 
32767 
9912 
28843 
19988 
31887 
21258 
29054 
3894 
25851 
23961 
26306 
6287 
22386 
12124 
22565 
17948 
20703 
2734 
19343 
26183 
18619 
10595 
19751 
18421 
17156 
32767 
16485 
13658 
21795 
32767 
9714 
25051 
23542 
28052 
19273 
32767 
8062 
19365 
20391 
32767 
2970 
25114 
13361 
23921 
13354 
32767 
1816 
24235 
18517 
32767 
5994 
30763 
7349 
30094 
16781 
32767 
3987 
28009 
24370 
32767 
14314 
30351 
7801 
29841 
31683 
28741 
6857 
26798 
29173 
27884 
29955 
24053 
7618 
23008 
32767 
19188 
17903 
21878 
23183 
16887 
32767 
14418 
12658 
17095 
31538 
11120 
23539 
13042 
19841 
10929 
32759 
3770 
16841 
11076 
31428 
2878 
27676 
4326 
21441 
12608 
32767 
891 
25719 
21071 
32767 
15728 
32767 
11708 
31965 
32767 
32767 
14733 
32767 
29830 
32767 
30693 
32489 
7780 
28617 
32767 
29942 
16619 
24764 
10236 
24976 
30364 
22263 
5310 
19699 
24088 
19838 
23910 
16545 
7841 
15035 
31516 
12998 
17183 
17404 
24495 
11756 
32767 
9746 
17958 
20757 
32767 
5222 
28020 
19617 
26056 
20052 
32767 
2457 
23117 
25356 
32767 
10306 
31912 
13575 
27434 
21779 
32767 
5435 
27784 
19469 
32767 
13331 
32767 
3439 
27418 
20582 
32767 
6390 
28405 
11245 
29794 
19612 
25973 
2768 
25984 
26941 
26703 
12312 
24156 
9420 
23609 
32767 
20005 
11134 
24150 
32767 
18096 
30691 
19798 
15605 
18883 
32767 
10010 
19300 
17532 
26437 
9116 
29910 
3164 
15093 
9417 
30630 
1261 
20561 
3924 
24912 
4983 
31690 
186 
23171 
12743 
32767 
4480 
32275 
12497 
32767 
20636 
32767 
5273 
31423 
32767 
32767 
18085 
32505 
19245 
32320 
32767 
28323 
7278 
26121 
28005 
26348 
23237 
21535 
4686 
20419 
27958 
18831 
7974 
16801 
12623 
17614 
25304 
14057 
5720 
13646 
28912 
12470 
20009 
12476 
16999 
11429 
32767 
6212 
18621 
17440 
31449 
9899 
32517 
8704 
20614 
21112 
32767 
1972 
25901 
18977 
28624 
20559 
32767 
3548 
27246 
28301 
32767 
11721 
31646 
8650 
28057 
23792 
32767 
4311 
27467 
14425 
30858 
16580 
27277 
1682 
24609 
20419 
25840 
8114 
22934 
3895 
22813 
26788 
20253 
5929 
21736 
21374 
19401 
29915 
17811 
11688 
22042 
32767 
12081 
26300 
18743 
20646 
17915 
32767 
4995 
18514 
14613 
26628 
6652 
30318 
350 
17938 
10911 
31549 
1502 
24448 
1471 
24509 
9486 
32767 
1683 
27883 
12021 
32767 
11668 
32767 
3186 
29816 
24354 
32767 
10337 
30662 
13149 
32365 
32614 
27890 
7158 
25904 
28001 
26688 
30943 
22069 
5678 
20967 
31165 
19460 
17978 
17079 
8905 
16528 
31643 
13486 
11400 
13168 
20429 
11448 
31666 
7164 
12777 
11156 
31696 
5929 
26850 
4774 
18945 
9937 
32767 
1362 
24327 
13429 
28644 
17333 
32767 
3588 
28200 
29088 
32767 
17854 
32767 
13049 
30929 
30964 
32767 
12593 
30240 
18271 
31202 
25501 
29284 
4960 
25973 
19519 
27035 
16142 
22622 
2366 
21390 
24791 
22625 
9245 
20279 
7629 
18744 
29112 
15823 
10991 
21248 
26949 
17639 
32767 
16043 
16584 
22610 
32767 
7957 
26553 
19975 
25526 
19822 
32767 
952 
22095 
21510 
31024 
9244 
31024 
4592 
25336 
23148 
32767 
5704 
29199 
17917 
32767 
17563 
32767 
3783 
28036 
23021 
32072 
10677 
27591 
8023 
28057 
29175 
24592 
5262 
22768 
28774 
20705 
29450 
22591 
13982 
21468 
32767 
11768 
22863 
22822 
28574 
16014 
32767 
6425 
18885 
18318 
32759 
2528 
24267 
9289 
23106 
10994 
32767 
1085 
23863 
15302 
32767 
8351 
32767 
5817 
30573 
20675 
32767 
4765 
30575 
23558 
32767 
16381 
29993 
5004 
29006 
31648 
26678 
10403 
24347 
19925 
24502 
32767 
21628 
6913 
21569 
32767 
17938 
20390 
18659 
17385 
14743 
32570 
10280 
14350 
15392 
29511 
2045 
27696 
7876 
29485 
20936 
29673 
5082 
26383 
18479 
27041 
19775 
23025 
2794 
21841 
30137 
19718 
12078 
22997 
21431 
18685 
32767 
16758 
14675 
21420 
32767 
11035 
26227 
17277 
22605 
16025 
32767 
2202 
17890 
16679 
29632 
7181 
30280 
7185 
27779 
18426 
32767 
4779 
27031 
12666 
32447 
14121 
28882 
2184 
26853 
25287 
26246 
6966 
24339 
10126 
23961 
28180 
21420 
6118 
21849 
31961 
17882 
26108 
21539 
18517 
18773 
32767 
9171 
18055 
19491 
29846 
8815 
29243 
5071 
16978 
9904 
30964 
1260 
20758 
6562 
24488 
6709 
31508 
530 
22982 
10639 
32767 
4498 
31022 
9741 
31753 
17019 
32767 
4255 
30260 
27862 
32767 
19443 
28391 
8694 
26623 
32767 
24428 
10179 
22927 
23341 
21133 
32678 
17066 
9957 
18126 
31740 
13234 
21311 
10918 
16038 
12080 
32687 
6315 
14453 
9029 
26795 
4027 
26782 
1015 
18064 
5852 
31508 
780 
25255 
10169 
29289 
14787 
32767 
3626 
28661 
28825 
32767 
13988 
32767 
19225 
32767 
32767 
32767 
9256 
30096 
31291 
31001 
25297 
26393 
6358 
25775 
29321 
25416 
10871 
21808 
10308 
21784 
26122 
18735 
3448 
16795 
23681 
17578 
22441 
14738 
9849 
15001 
32668 
12014 
18529 
18360 
23864 
14767 
32767 
8056 
18363 
20977 
32767 
6272 
28785 
11960 
23596 
20696 
32767 
1815 
24428 
21452 
29915 
15256 
32767 
2855 
25793 
20843 
32767 
9254 
30697 
8119 
30000 
20642 
32299 
2885 
26522 
14466 
30570 
14087 
26536 
2219 
24938 
24314 
25203 
10955 
23066 
8180 
22440 
31650 
18593 
9635 
22713 
27494 
18940 
32767 
17679 
14515 
21436 
32767 
11421 
27123 
13661 
18916 
14284 
32767 
5333 
18367 
9225 
24163 
6599 
31165 
528 
18266 
8413 
30943 
1410 
27192 
3158 
25416 
13298 
32767 
3696 
29606 
19493 
32767 
20637 
32767 
7290 
31476 
32767 
32767 
19811 
30559 
13962 
30844 
32767 
28103 
11945 
25502 
21281 
26418 
31116 
22751 
5810 
19987 
25132 
21457 
20172 
16503 
5607 
15812 
28265 
14446 
13898 
14081 
16649 
12814 
32041 
8268 
13459 
13470 
27916 
9677 
31776 
7644 
19443 
20009 
32767 
3019 
27958 
17172 
25981 
22452 
32767 
3142 
26667 
26929 
32275 
17597 
32767 
6097 
27664 
26716 
32767 
13468 
31778 
8662 
28434 
23593 
32206 
7071 
27594 
13351 
29388 
20300 
25737 
3232 
23092 
22767 
24586 
18901 
23115 
5037 
20881 
32767 
16175 
19897 
21769 
21520 
21213 
32767 
9185 
19788 
22298 
29895 
12876 
32767 
4081 
18901 
17474 
31589 
1922 
24916 
3245 
20618 
11218 
32356 
1662 
26076 
7821 
29390 
12067 
32767 
2081 
27129 
18256 
32767 
11313 
32767 
5877 
30805 
27463 
32767 
10058 
29998 
14889 
30557 
32564 
26434 
6673 
24808 
27661 
26602 
31952 
22528 
8790 
21273 
31972 
17797 
24289 
15545 
